1 0.442616 0.565724 0.130383 0.185033
0 0.368482 0.787417 0.028822 0.155564
1 0.442277 0.566150 0.129624 0.181293
1 0.417926 0.587503 0.079592 0.139160
0 0.833829 0.209791 0.024825 0.094539
0 0.396006 0.420860 0.023316 0.137428
0 0.837608 0.206481 0.017388 0.086217
0 0.397115 0.762595 0.031442 0.155720
0 0.825111 0.231497 0.019450 0.062938
0 0.563395 0.298489 0.020196 0.112636
0 0.551219 0.288979 0.028133 0.113673
0 0.565329 0.307092 0.032921 0.121647
0 0.395801 0.745705 0.029007 0.118616
0 0.547536 0.282830 0.019715 0.098227
0 0.395011 0.405992 0.022007 0.103591
0 0.559534 0.291150 0.022306 0.105985
# STATUS: APPROVED
